x = [0.87978,0.879768,0.879728,0.879655,0.87954,0.879368,0.879128,0.878802,0.878375,0.877833,0.877162,0.876348,0.87538,0.874248,0.872944,0.87146,0.869791,0.867933,0.865882,0.863634,0.861189,0.858545,0.855703,0.85266,0.84942,0.845981,0.842346,0.838515,0.83449,0.830274,0.825867,0.821272,0.81649,0.811524,0.806375,0.801045,0.795535,0.789848,0.783984,0.777944,0.77173,0.765342,0.758779,0.752043,0.745131,0.738043,0.730778,0.723332,0.715703,0.707888,0.699881,0.691678,0.683272,0.674655,0.66582,0.656755,0.64745,0.637892,0.628066,0.617956,0.607542,0.596804,0.585719,0.574259,0.562396,0.550096,0.537323,0.524036,0.51019,0.495735,0.480614,0.464768,0.448128,0.430622,0.412171,0.392689,0.372086,0.35027,0.327146,0.302622,0.276615,0.249057,0.219905,0.189153,0.156844,0.123085,0.0880537,0.0520053,0.0152649,-0.0217887,-0.0587495,-0.0952172,-0.130828,-0.165279,-0.198342,-0.229865,-0.259768,-0.28803,-0.314675,-0.339761,-0.363366,-0.385583,-0.406508,-0.426239,-0.444871,-0.462495,-0.479195,-0.495051,-0.510133,-0.524508,-0.538234,-0.551365,-0.563948,-0.576026,-0.587639,-0.598819,-0.609598,-0.620003,-0.630057,-0.639783,-0.649198,-0.658321,-0.667164,-0.675742,-0.684066,-0.692145,-0.699987,-0.707601,-0.714993,-0.722168,-0.72913,-0.735883,-0.742431,-0.748775,-0.754918,-0.760861,-0.766605,-0.77215,-0.777497,-0.782646,-0.787595,-0.792345,-0.796895,-0.801244,-0.805389,-0.809331,-0.813066,-0.816595,-0.819914,-0.823022,-0.825917,-0.828598,-0.831062,-0.833306,-0.83533,-0.837131,-0.838706,-0.840054,-0.841173,-0.842059,-0.842712,-0.843129,-0.843307,-0.843245,-0.84294,-0.842391,-0.841595,-0.840549,-0.839252,-0.837702,-0.835896,-0.833832,-0.831508,-0.828921,-0.826069,-0.822949,-0.819559,-0.815897,-0.811959,-0.807743,-0.803246,-0.798465,-0.793395,-0.788035,-0.782379,-0.776424,-0.770166,-0.7636,-0.756721,-0.749523,-0.742001,-0.734149,-0.725959,-0.717423,-0.708535,-0.699285,-0.689662,-0.679657,-0.669258,-0.658453,-0.647226,-0.635564,-0.623449,-0.610864,-0.597788,-0.584199,-0.570074,-0.555386,-0.540107,-0.524206,-0.507649,-0.490399,-0.472417,-0.453658,-0.434078,-0.413628,-0.392254,-0.369904,-0.346522,-0.322053,-0.296444,-0.269649,-0.241628,-0.212359,-0.18184,-0.150102,-0.117215,-0.0833019,-0.0485489,-0.0132092,0.0223955,0.0578852,0.0928435,0.126848,0.159508,0.190494,0.219564,0.246572,0.271464,0.294265,0.31506,0.333975,0.35116,0.366776,0.380984,0.393941,0.405793,0.416675,0.426708,0.436,0.444649,0.45274,0.460348,0.467538,0.474368,0.480886,0.487136,0.493155,0.498975,0.504624,0.510124,0.515496,0.520756,0.525918,0.530994,0.535994,0.540925,0.545792,0.550602,0.555355,0.560056,0.564704,0.569299,0.573842,0.57833,0.582762,0.587134,0.591445,0.595689,0.599864,0.603964,0.607985,0.611923,0.615772,0.619526,0.623181,0.62673,0.630167,0.633487,0.636683,0.63975,0.64268,0.645467,0.648106,0.650589,0.652911,0.655063,0.657041,0.658837,0.660444,0.661857,0.663067,0.66407,0.664857,0.665423,0.66576,0.665862,0.665722,0.665333,0.664688,0.663781,0.662605,0.661152,0.659416,0.65739,0.655066,0.652437,0.649497,0.646236,0.642649,0.638726,0.63446,0.629843,0.624867,0.619522,0.6138,0.607691,0.601187,0.594276,0.586948,0.579193,0.570998,0.562352,0.553242,0.543654,0.533574,0.522987,0.511876,0.500224,0.488013,0.475224,0.461834,0.447822,0.433163,0.417831,0.4018,0.385039,0.367516,0.349198,0.330049,0.310032,0.289107,0.267234,0.244371,0.22048,0.195521,0.169462,0.14228,0.113965,0.0845315,0.0540248,0.0225391,-0.00976598,-0.042644,-0.0757396,-0.108573,-0.140541,-0.170944,-0.199052,-0.224203,-0.245903,-0.263898,-0.278184,-0.288977,-0.296632,-0.301579,-0.304261,-0.305094,-0.304453,-0.302661,-0.29999,-0.296666,-0.292877,-0.288773,-0.284479,-0.280094,-0.275699,-0.271359,-0.267124,-0.263037,-0.25913,-0.255428,-0.25195,-0.248711,-0.245721,-0.242987,-0.240513,-0.238301,-0.236351,-0.234662,-0.233229,-0.232049,-0.231116,-0.230424,-0.229967,-0.229737,-0.229725,-0.229924,-0.230324,-0.230917,-0.231693,-0.232642,-0.233755,-0.235021,-0.23643,-0.237973,-0.239638,-0.241416,-0.243295,-0.245265,-0.247315,-0.249435,-0.251613,-0.25384,-0.256103,-0.258393,-0.260698,-0.263008,-0.265311,-0.267597,-0.269854,-0.272072,-0.274241,-0.276347,-0.278382,-0.280334,-0.282192,-0.283945,-0.285582,-0.287092,-0.288464,-0.289687,-0.29075,-0.291642,-0.292351,-0.292867,-0.293179,-0.293274,-0.293143,-0.292773,-0.292153,-0.291272,-0.290118,-0.28868,-0.286945,-0.284902,-0.282539,-0.279844,-0.276804,-0.273408,-0.269642,-0.265494,-0.26095,-0.255999,-0.250625,-0.244816,-0.238557,-0.231836,-0.224636,-0.216944,-0.208744,-0.200022,-0.190762,-0.18095,-0.170568,-0.159602,-0.148037,-0.135857,-0.123049,-0.109599,-0.0954948,-0.0807271,-0.0652891,-0.0491782,-0.0323975,-0.0149577,0.00311953,0.0217986,0.0410245,0.0607163,0.0807586,0.10099,0.121191,0.141066,0.160225,0.178176,0.194316,0.207955,0.21837,0.224905,0.227093,0.224768,0.218105,0.207578,0.193845,0.177631,0.159624,0.140423,0.120521,0.100301,0.0800575,0.0600095,0.0403163,0.0210923,0.00241737,-0.015654,-0.0330865,-0.0498592,-0.0659615,-0.0813904,-0.0961488,-0.110244,-0.123684,-0.136483,-0.148654,-0.16021,-0.171167,-0.18154,-0.191344,-0.200596,-0.20931,-0.217501,-0.225186,-0.232378,-0.239093,-0.245345,-0.251147,-0.256514,-0.26146,-0.265997,-0.27014,-0.2739,-0.277291,-0.280326,-0.283016,-0.285374,-0.287413,-0.289143,-0.290577,-0.291727,-0.292604,-0.29322,-0.293587,-0.293715,-0.293616,-0.293301,-0.292782,-0.29207,-0.291176,-0.29011,-0.288885,-0.287511,-0.285999,-0.28436,-0.282605,-0.280745,-0.278792,-0.276755,-0.274647,-0.272478,-0.270258,-0.268,-0.265713,-0.263409,-0.261099,-0.258793,-0.256503,-0.254239,-0.252012,-0.249833,-0.247713,-0.245663,-0.243693,-0.241814,-0.240037,-0.238372,-0.236829,-0.23542,-0.234154,-0.233042,-0.232093,-0.231318,-0.230725,-0.230326,-0.230127,-0.230139,-0.23037,-0.230828,-0.231519,-0.232452,-0.233632,-0.235065,-0.236754,-0.238703,-0.240914,-0.243387,-0.246119,-0.249107,-0.252343,-0.255817,-0.259514,-0.263416,-0.267496,-0.271721,-0.276052,-0.280435,-0.284805,-0.289081,-0.293163,-0.296927,-0.300219,-0.302853,-0.304601,-0.305189,-0.304293,-0.301537,-0.296504,-0.28875,-0.277849,-0.263446,-0.245333,-0.223518,-0.198263,-0.170068,-0.1396,-0.107586,-0.0747265,-0.0416203,-0.00874403,0.0235503,0.0550189,0.0855043,0.114914,0.143204,0.17036,0.196392,0.221326,0.245192,0.26803,0.28988,0.310783,0.330779,0.349907,0.368205,0.385709,0.402453,0.418467,0.433782,0.448425,0.462422,0.475798,0.488574,0.500771,0.51241,0.523509,0.534085,0.544154,0.553731,0.562831,0.571467,0.579652,0.587399,0.594717,0.60162,0.608116,0.614217,0.619932,0.625269,0.630239,0.634849,0.639108,0.643025,0.646606,0.649861,0.652796,0.655419,0.657738,0.659759,0.66149,0.662938,0.66411,0.665012,0.665653,0.666037,0.666174,0.666068,0.665727,0.665158,0.664367,0.663361,0.662147,0.660731,0.65912,0.657321,0.65534,0.653185,0.65086,0.648374,0.645733,0.642942,0.640009,0.63694,0.633741,0.630419,0.626978,0.623427,0.619769,0.616012,0.61216,0.60822,0.604195,0.600092,0.595914,0.591666,0.587352,0.582976,0.578541,0.574048,0.569502,0.564901,0.560249,0.555544,0.550785,0.54597,0.541096,0.536159,0.531153,0.526069,0.520899,0.51563,0.510249,0.504739,0.499079,0.493248,0.487215,0.480951,0.474418,0.467572,0.460364,0.452736,0.444624,0.435951,0.426633,0.416573,0.405661,0.393776,0.380783,0.366536,0.350879,0.333651,0.314691,0.293849,0.271001,0.246063,0.219011,0.189902,0.158882,0.126197,0.0921752,0.0572088,0.0217196,-0.0138769,-0.0492022,-0.083936,-0.117826,-0.150688,-0.182401,-0.212894,-0.242138,-0.270134,-0.296905,-0.322491,-0.346938,-0.3703,-0.392631,-0.413986,-0.43442,-0.453984,-0.472727,-0.490695,-0.507931,-0.524476,-0.540365,-0.555632,-0.570309,-0.584424,-0.598003,-0.61107,-0.623647,-0.635753,-0.647407,-0.658626,-0.669425,-0.679817,-0.689815,-0.699431,-0.708675,-0.717558,-0.726087,-0.734272,-0.742119,-0.749636,-0.756829,-0.763704,-0.770266,-0.77652,-0.782471,-0.788122,-0.793479,-0.798545,-0.803323,-0.807817,-0.81203,-0.815965,-0.819624,-0.823011,-0.826128,-0.828978,-0.831562,-0.833884,-0.835946,-0.83775,-0.839299,-0.840593,-0.841637,-0.842432,-0.842979,-0.843283,-0.843343,-0.843163,-0.842745,