x=[0:1/1024:1];
y=[0,-0.000311805,-0.000622657,-0.000932555,-0.0012415,-0.00154949,-0.00185653,-0.00216261,-0.00246774,-0.00277192,-0.00307514,-0.00337741,-0.00367872,-0.00397909,-0.0042785,-0.00457695,-0.00487445,-0.005171,-0.0054666,-0.00576124,-0.00605493,-0.00634766,-0.00663945,-0.00693028,-0.00722015,-0.00750908,-0.00779705,-0.00808407,-0.00837013,-0.00865525,-0.00893941,-0.00922262,-0.00950487,-0.00978618,-0.0100665,-0.0103459,-0.0106244,-0.0109019,-0.0111784,-0.011454,-0.0117286,-0.0120023,-0.0122751,-0.0125469,-0.0128177,-0.0130876,-0.0133565,-0.0136245,-0.0138915,-0.0141576,-0.0144227,-0.0146869,-0.0149502,-0.0152124,-0.0154738,-0.0157342,-0.0159936,-0.0162521,-0.0165096,-0.0167662,-0.0170218,-0.0172765,-0.0175303,-0.0177831,-0.0180349,-0.0182858,-0.0185358,-0.0187848,-0.0190328,-0.0192799,-0.0195261,-0.0197713,-0.0200156,-0.0202589,-0.0205013,-0.0207427,-0.0209832,-0.0212227,-0.0214613,-0.021699,-0.0219357,-0.0221714,-0.0224062,-0.0226401,-0.0228731,-0.023105,-0.0233361,-0.0235662,-0.0237953,-0.0240236,-0.0242508,-0.0244772,-0.0247026,-0.024927,-0.0251505,-0.0253731,-0.0255947,-0.0258154,-0.0260351,-0.0262539,-0.0264718,-0.0266887,-0.0269047,-0.0271198,-0.0273339,-0.0275471,-0.0277593,-0.0279706,-0.028181,-0.0283904,-0.0285989,-0.0288065,-0.0290131,-0.0292188,-0.0294235,-0.0296274,-0.0298303,-0.0300322,-0.0302332,-0.0304333,-0.0306325,-0.0308307,-0.031028,-0.0312243,-0.0314198,-0.0316143,-0.0318078,-0.0320005,-0.0321922,-0.032383,-0.0325728,-0.0327617,-0.0329497,-0.0331368,-0.033323,-0.0335082,-0.0336925,-0.0338758,-0.0340583,-0.0342398,-0.0344204,-0.0346,-0.0347788,-0.0349566,-0.0351335,-0.0353095,-0.0354845,-0.0356587,-0.0358319,-0.0360042,-0.0361756,-0.036346,-0.0365156,-0.0366842,-0.0368519,-0.0370187,-0.0371845,-0.0373495,-0.0375135,-0.0376767,-0.0378389,-0.0380002,-0.0381605,-0.03832,-0.0384786,-0.0386362,-0.038793,-0.0389488,-0.0391037,-0.0392577,-0.0394108,-0.039563,-0.0397143,-0.0398646,-0.0400141,-0.0401626,-0.0403103,-0.040457,-0.0406029,-0.0407478,-0.0408919,-0.041035,-0.0411772,-0.0413186,-0.041459,-0.0415985,-0.0417372,-0.0418749,-0.0420117,-0.0421477,-0.0422827,-0.0424168,-0.0425501,-0.0426824,-0.0428139,-0.0429445,-0.0430741,-0.0432029,-0.0433308,-0.0434578,-0.0435839,-0.0437091,-0.0438334,-0.0439569,-0.0440794,-0.0442011,-0.0443219,-0.0444418,-0.0445608,-0.0446789,-0.0447961,-0.0449125,-0.045028,-0.0451426,-0.0452563,-0.0453691,-0.0454811,-0.0455922,-0.0457024,-0.0458117,-0.0459202,-0.0460277,-0.0461344,-0.0462403,-0.0463452,-0.0464493,-0.0465525,-0.0466548,-0.0467563,-0.0468569,-0.0469567,-0.0470555,-0.0471535,-0.0472507,-0.0473469,-0.0474423,-0.0475369,-0.0476306,-0.0477234,-0.0478153,-0.0479065,-0.0479967,-0.0480861,-0.0481746,-0.0482623,-0.0483491,-0.0484351,-0.0485202,-0.0486044,-0.0486878,-0.0487704,-0.0488521,-0.0489329,-0.0490129,-0.0490921,-0.0491704,-0.0492479,-0.0493245,-0.0494003,-0.0494752,-0.0495493,-0.0496226,-0.049695,-0.0497666,-0.0498373,-0.0499072,-0.0499763,-0.0500445,-0.0501119,-0.0501785,-0.0502442,-0.0503091,-0.0503732,-0.0504364,-0.0504988,-0.0505604,-0.0506212,-0.0506811,-0.0507402,-0.0507985,-0.050856,-0.0509126,-0.0509684,-0.0510235,-0.0510776,-0.051131,-0.0511836,-0.0512353,-0.0512862,-0.0513364,-0.0513857,-0.0514342,-0.0514819,-0.0515287,-0.0515748,-0.0516201,-0.0516645,-0.0517082,-0.051751,-0.0517931,-0.0518343,-0.0518748,-0.0519145,-0.0519533,-0.0519914,-0.0520286,-0.0520651,-0.0521008,-0.0521357,-0.0521698,-0.0522031,-0.0522356,-0.0522674,-0.0522983,-0.0523285,-0.0523579,-0.0523865,-0.0524143,-0.0524414,-0.0524676,-0.0524931,-0.0525178,-0.0525418,-0.0525649,-0.0525873,-0.0526089,-0.0526298,-0.0526499,-0.0526692,-0.0526878,-0.0527056,-0.0527226,-0.0527388,-0.0527543,-0.0527691,-0.0527831,-0.0527963,-0.0528088,-0.0528205,-0.0528315,-0.0528417,-0.0528512,-0.0528599,-0.0528678,-0.0528751,-0.0528815,-0.0528873,-0.0528923,-0.0528965,-0.0529,-0.0529028,-0.0529048,-0.0529062,-0.0529067,-0.0529066,-0.0529057,-0.052904,-0.0529017,-0.0528986,-0.0528948,-0.0528903,-0.052885,-0.052879,-0.0528724,-0.0528649,-0.0528568,-0.052848,-0.0528384,-0.0528281,-0.0528172,-0.0528055,-0.0527931,-0.05278,-0.0527661,-0.0527516,-0.0527364,-0.0527205,-0.0527039,-0.0526866,-0.0526685,-0.0526498,-0.0526304,-0.0526103,-0.0525896,-0.0525681,-0.0525459,-0.0525231,-0.0524996,-0.0524753,-0.0524504,-0.0524249,-0.0523986,-0.0523717,-0.0523441,-0.0523158,-0.0522869,-0.0522573,-0.052227,-0.052196,-0.0521644,-0.0521321,-0.0520992,-0.0520656,-0.0520313,-0.0519964,-0.0519609,-0.0519246,-0.0518878,-0.0518502,-0.051812,-0.0517732,-0.0517338,-0.0516936,-0.0516529,-0.0516115,-0.0515695,-0.0515268,-0.0514835,-0.0514395,-0.051395,-0.0513498,-0.0513039,-0.0512575,-0.0512104,-0.0511627,-0.0511144,-0.0510654,-0.0510159,-0.0509657,-0.0509149,-0.0508635,-0.0508115,-0.0507588,-0.0507056,-0.0506518,-0.0505973,-0.0505423,-0.0504866,-0.0504304,-0.0503735,-0.0503161,-0.0502581,-0.0501995,-0.0501402,-0.0500805,-0.0500201,-0.0499591,-0.0498976,-0.0498354,-0.0497727,-0.0497094,-0.0496456,-0.0495812,-0.0495162,-0.0494506,-0.0493845,-0.0493178,-0.0492505,-0.0491827,-0.0491143,-0.0490454,-0.0489759,-0.0489058,-0.0488352,-0.0487641,-0.0486924,-0.0486201,-0.0485473,-0.048474,-0.0484002,-0.0483257,-0.0482508,-0.0481753,-0.0480993,-0.0480228,-0.0479457,-0.0478681,-0.04779,-0.0477114,-0.0476322,-0.0475526,-0.0474724,-0.0473917,-0.0473105,-0.0472287,-0.0471465,-0.0470638,-0.0469805,-0.0468968,-0.0468126,-0.0467278,-0.0466426,-0.0465569,-0.0464707,-0.046384,-0.0462968,-0.0462091,-0.0461209,-0.0460323,-0.0459432,-0.0458536,-0.0457635,-0.045673,-0.045582,-0.0454905,-0.0453986,-0.0453062,-0.0452133,-0.04512,-0.0450262,-0.044932,-0.0448373,-0.0447422,-0.0446466,-0.0445506,-0.0444541,-0.0443572,-0.0442598,-0.044162,-0.0440638,-0.0439652,-0.0438661,-0.0437666,-0.0436666,-0.0435663,-0.0434655,-0.0433643,-0.0432627,-0.0431606,-0.0430582,-0.0429553,-0.0428521,-0.0427484,-0.0426443,-0.0425399,-0.042435,-0.0423297,-0.0422241,-0.042118,-0.0420116,-0.0419048,-0.0417976,-0.04169,-0.041582,-0.0414737,-0.0413649,-0.0412558,-0.0411464,-0.0410366,-0.0409264,-0.0408158,-0.0407049,-0.0405936,-0.040482,-0.04037,-0.0402577,-0.040145,-0.0400319,-0.0399186,-0.0398048,-0.0396908,-0.0395764,-0.0394617,-0.0393466,-0.0392312,-0.0391155,-0.0389995,-0.0388831,-0.0387665,-0.0386495,-0.0385322,-0.0384146,-0.0382966,-0.0381784,-0.0380599,-0.037941,-0.0378219,-0.0377025,-0.0375828,-0.0374627,-0.0373424,-0.0372218,-0.037101,-0.0369798,-0.0368584,-0.0367367,-0.0366147,-0.0364924,-0.0363699,-0.0362471,-0.0361241,-0.0360008,-0.0358772,-0.0357534,-0.0356293,-0.035505,-0.0353804,-0.0352556,-0.0351305,-0.0350052,-0.0348797,-0.0347539,-0.0346279,-0.0345017,-0.0343752,-0.0342485,-0.0341216,-0.0339945,-0.0338672,-0.0337396,-0.0336119,-0.0334839,-0.0333557,-0.0332274,-0.0330988,-0.03297,-0.032841,-0.0327119,-0.0325826,-0.032453,-0.0323233,-0.0321934,-0.0320634,-0.0319331,-0.0318027,-0.0316721,-0.0315414,-0.0314105,-0.0312794,-0.0311481,-0.0310168,-0.0308852,-0.0307535,-0.0306217,-0.0304897,-0.0303576,-0.0302253,-0.0300929,-0.0299604,-0.0298277,-0.029695,-0.0295621,-0.029429,-0.0292959,-0.0291626,-0.0290292,-0.0288957,-0.0287621,-0.0286284,-0.0284946,-0.0283607,-0.0282268,-0.0280927,-0.0279585,-0.0278242,-0.0276899,-0.0275554,-0.0274209,-0.0272864,-0.0271517,-0.027017,-0.0268822,-0.0267473,-0.0266124,-0.0264774,-0.0263424,-0.0262073,-0.0260722,-0.025937,-0.0258018,-0.0256666,-0.0255313,-0.025396,-0.0252606,-0.0251252,-0.0249898,-0.0248544,-0.0247189,-0.0245835,-0.024448,-0.0243125,-0.024177,-0.0240415,-0.023906,-0.0237705,-0.023635,-0.0234995,-0.0233641,-0.0232286,-0.0230932,-0.0229577,-0.0228223,-0.022687,-0.0225516,-0.0224163,-0.0222811,-0.0221458,-0.0220106,-0.0218755,-0.0217404,-0.0216054,-0.0214704,-0.0213354,-0.0212006,-0.0210658,-0.020931,-0.0207964,-0.0206618,-0.0205272,-0.0203928,-0.0202585,-0.0201242,-0.01999,-0.0198559,-0.0197219,-0.019588,-0.0194542,-0.0193206,-0.019187,-0.0190535,-0.0189202,-0.0187869,-0.0186538,-0.0185208,-0.018388,-0.0182552,-0.0181226,-0.0179902,-0.0178578,-0.0177257,